0.0438001709205
-0.053861543292
-0.64519720745
-0.384911031599
0.155328890428
-0.473042204174
-0.053845961298
-1.07545324926
0.264313954998
-0.249089532704
-0.639823690859
-0.098189250116
-0.132121426695
0.0793059770807
0.234716422069
0.0282773102703
-0.931060441222
0.207977581
-0.0926297357795
0.698945950534
-0.387431795857
0.705900786781
-0.345749335348
0.0600860890703
-0.376029251081
0.152369443958
0.49482612212
0.331908628284
0.431500790411
0.333940225613
0.336345435996
0.00690019420736
0.380342924786
-0.217441116089
0.550702866032
-0.565554372059
0.285593708652
0.290828397295
0.145333259107
0.112706734367
0.250722316391
0.143747837032
0.92833013702
-0.042507337887
-0.409544393174
-0.470233778864
-0.0651179878108
-0.0009567275838
-0.0964145799405
0.497325067013
0.0345425277313
-0.355191471163
-0.443390854625
-0.0268798296976
0.288778494
0.695215629233
-0.108924234732