0000000011101101
0000000011010110
0000000011100100
0000000011100010
0000000011100110
0000000011011111
0000000011011100
0000000011100010
0000000011011000
0000000011010111
0000000011101011
0000000011100111
0000000011100010
0000000011010000
0000000011100000
0000000011100000
0000000011100101
0000000011011100
0000000011100100
0000000011111010
0000000011100110
0000000011101110
0000000011011100
0000000011010000
0000000011100111
0000000011011110
0000000011011001
0000000011101000
0000000011100000
0000000011100001
0000000011011111
0000000011110001
0000000011110100
0000000011011001
0000000011100000
0000000011100010
0000000011011011
0000000011011000
0000000011101010
0000000011100110
0000000011101000
0000000011101011
0000000011100001
0000000011101010
0000000011100111
0000000011011101
0000000011011010
0000000011101001
0000000011100101
0000000011010010
0000000011100110
0000000011001110
0000000011100111
0000000011100011
0000000011101100
0000000011100010
0000000011100110
0000000011100001
0000000011100011
0000000011010011
0000000011100011
0000000011110011
0000000011100001
0000000011101011
0000000011011111
0000000011110000
0000000011011111
0000000011100100
0000000011010111
0000000011011101
0000000011101000
0000000011100010
0000000011011001
0000000011100000
0000000011111001
0000000011110001
0000000011101101
0000000011011100
0000000011110100
0000000011100100
0000000011100001
0000000011010111
0000000011100100
0000000011101010
0000000011011111
0000000011100111
0000000011100101
0000000011101110
0000000011010110
0000000011011110
0000000011101000
0000000011100001
0000000011100010
0000000011100100
0000000011011111
0000000011100100
0000000011100110
0000000011011000
0000000011011010
0000000011100100
0000000011101011
0000000011100110
0000000011011111
0000000011011010
0000000011101001
0000000011100011
0000000011101001
0000000011100111
0000000011011111
0000000011101100
0000000011101001
0000000011011111
0000000011011111
0000000011011111
0000000011101000
0000000011011100
0000000011101010
0000000011110011
0000000011001101
0000000011110110
0000000011100110
0000000011101010
0000000011011101
0000000011010111
0000000011001101
0000000011110001
0000000011011010
0000000011100111
0000000011110001
0000000011100010
0000000011010111
0000000011101110
0000000011011000
0000000011001111
0000000011101010
0000000011100010
0000000011101100
0000000011100101
0000000011101001
0000000011101010
0000000011011011
0000000011011111
0000000011101001
0000000011100101
0000000011011100
0000000011101011
0000000011011000
0000000011100000
0000000011001010
0000000011010011
0000000011100100
0000000011100101
0000000011111001
0000000011111010
0000000011011101
0000000011110000
0000000011111000
0000000011011100
0000000011110011
0000000011101001
0000000011010110
0000000011100101
0000000011110011
0000000011010101
0000000011101110
0000000011010000
0000000011100011
0000000011101101
0000000100000011
0000000011011010
0000000011010001
0000000011101010
0000000011101110
0000000011100110