0000001001011001
0000000100100111
0000000100011011
0000000011001010
0000000010001000
0000000011111100
0000000010011000
0000000110001011
0000000010011010
0000001000100001
0000000100010011
0000000011100110
0000000000011101
0000000000011010
0000000100010010
0000000110001010
0000000110101110
0000000101111001
0000000110011110
0000000010110001
0000000011110000
0000000100000111
0000000000011110
0000000100000000
0000000100100001
0000000100010101
0000000000001110
0000000000011001
0000001000011111
0000000101010011
